EPEAT FOREVER
0	0
0.008	0.000015
0.016	0.00004
0.024	0.000055
0.032	0.00007
0.04	0.000075
0.048	0.00007
0.056	0.000055
0.064	0.00004
0.072	0.000025
0.08	0.00001
0.088	0
0.096	0
0.104	0
0.112	0
0.12	0
0.128	0
0.136	0
0.144	0
0.152	0
0.16	0
0.17	-0.000015
0.18	-0.00003
0.19	-0.000045
0.215	0.00075
0.23	-0.00015
0.245	0
0.385	0
0.403	0.000015
0.421	0.00005
0.439	0.00008
0.457	0.000095
0.475	0.0001
0.493	0.000095
0.511	0.00008
0.529	0.00005
0.547	0.000015
0.565	0
0.605	0
0.615	0.0000075
0.625	0.000015
0.635	0.0000075
0.645	0
0.725	0
ENDREPEAT
